593702
111893
035850
208328
240619
818038
353928
413914
542284
262174
568874
207605
726193
947306
073073
936071
286665
082667
873174
693596
215718
326948
069050
748582
609479
057324
171097
397251
840656
941338
293975
227745
584218
393983
815748
927815
475339
245966
905887
545456
618475
585667
460418
705982
585088
852413
376399
206564
348898
005019
960721
493089
141417
791063
994786
866327
900415
064352
888793
810837
711444
964994
814721
441383
439943
944674
143318
600752
172081
076916
780218
187796
640467
279026
122590
022672
613838
501174
541072
853696
730549
608823
500948
988359
083115
657008
993208
444482
001921
373962
378619
915347
668950
538303
591410
484171
503280
726431
416611
504926
097890
605448
451291
297718
752330
470168
682852
623883
019564
902971
315681
662036
276752
459111
467633
660287
438207
236022
963019
444634
731354
723976
480482
401980
360943
389233
212223
806438
301122
591889
785587
294516
913001
508318
855171
929354
120008
054365
098899
136773
425985
036869
894557
410195
633621
646498
337640
607104
253482
034179
912949
266451
104982
548072
529302
853572
341586
449184
981275
499527
017271
044482
653423
020522
724312
083541
033376
500677
125699
253454
200790
272315
851391
185135
766458
200440
532685
045539
169978
546703
683953
381028
930711
090263
077819
072306
893082
365728
411764
370039
170146
998015
101038
850507
209558
720618
303864
433744
984471
602935
937008
841432
826602
402211
767415
078137
566796
098368
010399
676817
617723
007264
036072
158366
637480
593349
142894
198200
410992
876460
154839
772693
083081
687907
336888
752528
633804
187634
594840
025742
769208
733305
305428
196787
614399
889810
641062
201918
844859
394633
568102
605415
284100
581687
004570
807304
195783
178570
411866
390310
291180
967435
801490
056673
229913
131911
996445
886588
970676
903612
315610
078935
183095
530998
476197
845485
279707
753962
967693
547683
588289
582604
962129
228473
712305
500476
833449
727852
627427
688409
957932
732957
833784
167231
782688
772336
526461
479351
509471
617678
514074
657384
517326
409800
092035
840777
830922
049990
032702
408417
333319
176406
403501
166893
922036
691274
113245
605382
744718
360537
331096
142333
457124
915616
915045
926349
557407
872068
321647
360051
246685
732249
342623
940774
503452
966082
671617
862796
505270
572272
237103
228431
939188
691101
513410
719531
770275
281308
894236
869106
305404
969115
223049
296221
648590
340474
542364
626067
566673
341781
493592
009882
908380
390927
579615
954759
757392
891985
660084
987103
195085
231608
256018
469837
344962
013720
420992
791945
523434
569135
902475
746441
825397
614016
062816
659830
716214
569029
313150
038841
755046
018844
865225
117359
928665
815254
040296
149176
704425
681811
615885
371085
037594
970871
212604
649715
052292
565689
434776
510399
037411
036294
706388
372863
681119
373302
144614
644125
252407
978272
444346
110627
561007
925069
597116
271590
988612
421992
749518
432797
578139
956988
722784
860573
734811
622625
347711
595004
833732
052114
309658
646661
102067
608864
307086
115730
365416
603763
592971
280601
447233
715359
220355
181623
544103
271618
088401
283452
160062
452412
345238
495952
199030
251805
662743
192596
165643
639389
348439
223586
843680
127690
683942
422135
134728
261980
399042
178531
746753
746061
055645
966539
416503
618989
994977
736773
496828
681579
295732
290599
410623
031177
860398
571970
429806
671574
305273
583070
616270
726963
066969
572255
112848
744123
829781
139969
274991
075787
560493
774439
805459
661657
481690
795644
625560
489523
684890
705913
939860
973837
348693
315135
606169
604312
806199
684431
825749
668731
821087
702299
582790
958938
446153
800878
160980
093049
579786
751428
121164
796351
470699
960414
073147
584802
742451
187895
958137
107405
008886
494144
374294
689897
409346
366713
229047
974319
891856
328159
385704
574047
264280
935262
715039
148237
346349
834379
982231
660996
085115
290092
710227
826441
694756
294366
387713
407871
904960
698337
829370
193131
610298
218874
813154
992686
061525
367074
115400
616545
359026
877958
790779
384095
392646
191922
520794
948686
495294
483120
737107
691123
196531
548014
073719
581473
424121
277995
422916
951866
944948
194615
615806
252278
565508
631907
723106
740022
277603
498644
469066
348412
915104
258880
382964
092599
421559
035231
720795
233987
671131
572933
220369
029301
930147
610841
455518
233617
082000
821243
651760
222771
910520
264070
756434
040787
313548
897295
547322
007145
572574
671693
682060
344487
610746
308859
540095
970345
947593
351603
660766
247170
097108
858754
535821
066216
345873
049436
710383
437837
507433
056343
426577
594899
813457
132421
440294
599084
376372
540416
728480
964833
797419
213784
486766
772270
539539
444379
438576
507182
482341
533004
346373
072591
484414
548400
851797
341432
503137
815410
252619
038706
970448
614346
922290
528617
194649
580561
990729
714480
236155
349553
206308
741118
217342
458600
042022
858761
846022
585875
932469
866790
818239
865814
387808
982334
963708
851101
120714
892400
087164
126980
313043
558910
217998
005300
703014
346092
189889
941891
756420
481405
902926
749708
601566
481847
018762
153177
303804
553578
720206
438172
254625
172736
625227
556524
390213
299176
251194
893378
265615
958624
087071
159134
103923
532874
660238
291196
383435
946986
176803
059705
502880
051141
472281
830948
286386
093905
766844
481768
040419
582318
795188
577259
522431
586410
629291
287381
097155
699470
124172
912713
064797
674066
738463
185853
186088
110333
596628
602477
067424
790466
441324
592930
515380
915693
415429
933484
697946
617971
427096
388017
885316
306575
818336
695980
609374
748436
931660
949694
920761
757864
580020
276836
969794
366877
192175
493837
771672
842348
066818
466682
858653
559940
632234
085045
310112
470273
792640
521993
847733
523199
845260
504270
966285
162837
317376
696528
578418
805718
227142
198019
999253
154361
144819
921932
937268
470690
752936
495968
533621
209070
816939
417575
809482
016172
258976
502845
656926
650331
377920
809678
496296
169331
570591
760002
930733
069205
373161
791595
424944
568464
672776
503416
554810
513110
557674
599900
248137
904285
270723
971821
049674
994738
680632
369879
420416
836859
359835
798476
581500
620464
608039
239801
858960
448496
656218
576028
034870
724797
624996
669456
131086
773954
632406
333218
653274
244513
398284
675966
422896
944463
686716
195556
837677
031474
748975
577350
973580
318898
030937
200060
433822
419269
564370
836965
386340
697449
049793
897623
361713
036679
410932
157254
335596
012872
930840
234541
894122
102413
066930
029775
099522
817462
774341
667323
428944
175049
442081
282171
041652
606278
428353
787758
509616
626923
314775
267041
753987
280565
277527
747957
422996
528436
448701
969382
620468
096044
684031
447377
365828
240881
389054
982721
086505
809165
640694
404488
790625
010851
451042
865963
662043
954666
968750
179955
102609
091471
453461
515446
455310
476296
458581
925761
608195
527987
124334
760455
014284
054009
805051
112282
088714
373697
512138
252205
965430
223002
870916
552647
468733
207687
276350
877874
488928
234230
836833
055772
246333
567054
389108
996859
010780
927166
903099
214348
621953
679963
625610
322006
518433
143722
736369
347621
129976
379630
149186
830351
372286
747292
257657
493074
183241
502614
018804
110947
864278
318917
944379
691925
764404
845968
505215
537340
680033
629294
696339
522065
178849
760346
908337
507514
205063
454544
252233
081277
542945
916483
119850
608306
577426
216754
566900
726570
019405
865917
974902
727750
855045
107589
456110
399393
211258
631218
155262
101908
291921
317503
526868
930865
484321
483838
074011
215360
822355
727659
615478
865566
527983
949245
924141
430030
569245
984160
290869
800546
155757
389853
661546
903564
413397
187322
680941
722398
779225
004312
931871
059792
884266
827725
658242
849695
624532
159626
290618
327592
792311
802973
376269
925008
073992
475862
128279
007520
060621
816472
211228
232447
725015
663812
756682
688955
526747
234334
535628
464789
295257
054530
183589
387215
553627
730880
999061
535235
396871
049994
053022
973591
839667
607226
303103
763196
227412
006342
896747
604501
391743
374167
839264
529778
203412
467520
276151
139796
894156
389776
714112
477778
989182
695387
881721
330662
320731
210981
444848
268771
675700
060915
138245
632963
988529
196820
227324
114777
561492
632930
378224
573651
778929
253679
793267
321387
844496
492378
212678
783758
720918
881598
789929
009493
371644
888911
270945
147078
140290
356470
039442
630975
723472
159505
745258
920109
096326
781545
094706
177973
558395
561219
355674
456406
015444
569731
063505
816330
026127
443842
159776
772667
496541
047535
146563
804749
304761
932974
932799
698519
732354
234358
222139
584306
819642
547605
728773
895325
973788
044431
972962
298471
601256
154188
557514
759715
886140
346077
211758
276975
485516
184367
364406
143145
327655
270574
228085
265756
022025
774601
609383
806343
502778
944168
922761
528373
314875
395690
760117
524826
767803
773551
119819
520165
802331
659168
815477
114001
160963
924849
023382
619110
736532
357561
649538
625292
928994
474211
211293
061934
244605
161327
475005
286583
355037
372893
443315
892834
614483
638839
779830
050607
217269
854029
733141
382757
356128
804225
708225
755479
422962
417686
064319
777224
269478
738682
706321
722253
733980
195677
992122
658940
693992
455224
711364
061908
611153
567272
976348
155104
780745
448095
457417
399147
843717
308906
674012
022950
295068
845638
618756
088895
203458
383939
968986
803973
631695
596277
463101
973758
904418
258757
905681
346919
139324
637885
599371
077928
089392
898238
123851
538523
447011
984120
539252
622096
764651
007266
222676
747997
609500
984925
173676
565399
495234
460922
621198
141745
509917
156975
612119
296342
238566
144111
143798
842154
271754
147425
993995
297383
680090
687906
730284
292451
114989
693452
432758
676136
016640
857768
952492
595617
557675
017805
003358
089260
981002
569776
087683
203911
622305
819834
373115
756015
722532
308062
792316
145755
641918
139866
851687
760203
455287
512974
861943
702071
024199
683979
589835
927526
835597
076437
836040
065988
962022
102217
253859
223542
155787
676287
293922
388751
497202
223614
192487
472649
628906
912345
768391
921469
907088
062452
510521
973126
934165
502124
985387
224332
814369
129443
973105
550129
466355
939099
436226
016019
203172
259981
823527
413814
968359
476302
041851
283637
030477
541680
834527
204992
810750
452280
702356
162438
133120
042271
092000
158554
782048
828111
087548
919780
125478
515678
474146
362661
457324
298652
996819
998812
782490
641626
241790
347142
648911
337841
926087
163961
882756
949072
544168
315009
445645
221863
784956
571990
163507
324728
125146
137844
052887
219776
982203
003666
995567
086837
350976
264546
187490
267294
017851
921846
146457
511070
891333
527965
728706
818740
953941
379255
985539
579609
967019
769383
480000
399217
877501
997864
381289
339948
524252
095831
291950
805239
794089
831210
553433
361892
197490
057321
231796
591706
878796
155680
679695
211670
893595
417454
318819
199977
651558
278389
268613
949005
986033
590393
157063
657878
856204
556456
193817
378639
259381
177142
291984
616330
513913
672324
260266
220711
158367
333725
396239
820674
163208
288163
324804
769278
827374
696800
990629
604650
219168
976138
914284
800206
797361
330738
750671
384026
892066
919722
216446
272071
865458
675139
851873
125989
840700
896247
685343
682104
569211
802439
969369
845887
596495
930845
610921
398690
126228
116113
137566
390002
215309
889380
175819
396277
636600
318609
976888
313010
461226
832042
507149
123897
652021
311306
004393
113176
906273
040576
565777
008264
555563
808126
213063
164698
186393
519900
557570
239055
652197
609179
787123
159724
385214
370404
627707
436914
048548
290393
808875
336950
871586
410346
000057
613470
122504
681783
275291
344632
439498
791253
043461
887108
945559
428361
845033
903436
131130
466114
722636
396693
163218
972927
028988
303485
304484
822899
462428
310572
596792
317011
467060
277263
371937
920227
518299
507011
099581
049131
815231
448052
206282
491749
499472
201933
742038
989772
633316
314474
365078
709158
331117
404306
597163
020496
647950
462371
794799
863473
956534
119841
384565
405177
104167
605147
734539
962935
802243
969641
380008
595391
542561
300948
988190
080215
585177
500276
311651
478898
422041
990356
253908
676235
750436
771595
235681
281369
322690
370280
604784
970301
609647
589003
784169
465325
265071
874384
144213
693591
513744
996579
364692
770348
331691
615651
964500
681681
137415
093484
228373
042726
757842
578072
955825
258406
338092
836916
395902
837137
390183
082446
316400
828454
673431
279116
148868
370711
470977
942302
197984
134247
222037
730526
895459
971631
065907
027650
519702
427394
655273
255706
361138
719438
786353
398119
677571
080389
857870
339264
180497
769037
689937
982256
368471
645120
296508
176128
792190
122595
974737
096991
533715
934157
508961
893446
070660
284803
632389
792183
219345
335721
033472
699990
713676
116082
607360
163860
932060
534258
406397
803044
318262
626963
086224
829995
081913
561878
991295
660523
579583
799906
370460
173539
625433
859678
990179
706849
530180
073209
321646
897929
093445
852315
544128
181402
553100
288170
251465
482934
497936
214063
354395
182248
436485
706240
126053
428028
457111
026145
040332
956435
698023
229326
094532
694713
211242
236205
063645
830054
067054
166612
345299
104346
611662
299702
253023
010544
881089
074217
532424
074689
322657
025050
618483
555801
719190
868609
734256
792075
281349
413505
461492
946659
851033
567376
718126
123572
613602
509807
942269
516003
296573
159881
205601
865700
532197
193108
103667
743688
539654
261770
693522
083753
203456
174074
625397
067448
128168
983315
242054
136579
715337
683492
339938
243008
296270
978955
717376
180353
427328
984607
618533
962641
368160
479773
305477
354796
614203
262573
801945
944479
565074
532724
794199
777761
966185
553447
202365
490303
848290
550306
971831
314074
556284
321232
819309
421163
622588
479464
877641
701071
184810
288524
609857
422279
581616
916716
438789
794378
161628
200780
570239
337709
610509
244509
380776
261020
192234
651943
730537
723808
419112
350492
141293
295647
522271
604952
780607
840966
987305
972037
276305
050444
902156
556591
471337
204613
826207
987207
323420
035314
965431
781739
009485
494217
950916
641369
745136
362920
180132
110450
328027
769688
273102
696158
988994
890699
083618
558061
206004
415806
913309
708762
253758
419580
277240
374341
407977
402107
934968
985042
546508
919557
468425
932049
799877
951632
823594
786695
661487
005396
779675
300052
461800
628050
803371
740574
722876
411008
888613
179052
657972
090677
869982
397774
532924
233239
335579
173478
988096
657789
733846
677438
813810
378111
327795
565461
542574
623988
173194
663889
690929
448617
988991
577184
683699
003969
983340
367821
111566
549827
043158
102307
974952
542526
329387
618350
332822
626263
138820
088615
943869
914880
662271
038824
024168
945506
368139
813896
780810
041615
431566
171830
941756
545208
836512
720719
582264
440664
938822
350485
761530
753886
147900
228951
265422
978117
897657
638868
212175
538225
482564
850980
036208
089911
054727
092144
315278
273309
830604
275423
961690
848016
167983
125382
881221
424033
033175
190547
107092
617598
451221
988772
529736
056567
206514
543174
056893
845008
713899
934865
327739
197258
804345
642301
707014
721595
262086
773388
675235
538253
718608
359628
283672
065414
062124
896663
154539
821423
701507
332369
447198
409022
263072
671432
579036
076199
857866
533813
722113
772989
472111
595676
743993
849860
973293
930715
870880
703048
325830
163879
105205
226153
731436
098941
409584
948974
935296
388563
773460
926177
625184
561359
134219
046953
383755
774388
826204
112024
238404
850931
771865
216035
873766
699834
302740
175767
531729
147662
156148
551160
610619
262396
620955
835266
600927
359458
692990
826243
171666
944621
808790
213020
610963
358687
123867
737274
336660
090233
090685
125420
757294
918084
221209
938031
258485
908984
401006
590024
443234
479293
558522
767792
384013
777029
353009
007023
762131
765380
647605
148938
282906
785849
920455
486094
491410
601265
797294
935012
968416
287358
387251
692333
620451
225158
207413
641106
929805
163797
252948
927074
388496
992157
897744
205170
318265
452929
190870
419455
291165
051220
446329
544604
841698
855149
482299
029078
589131
848036
579596
028097
226881
932409
027672
812435
462971
641882
848639
393262
988974
383812
782075
206366
860342
892327
280688
845692
301922
635177
518444
225965
233234
203766
657365
077330
556963
433058
765467
243476
261491
006070
080288
047394
937943
959871
414402
687900
819396
265575
819176
496944
807901
549618
518958
487414
015411
672165
268278
633564
446403
452669
729387
495041
434988
639898
608234
178832
712501
668925
786275
202398
327109
175681
280047
629430
864422
439628
981258
164024
139478
191272
947757
413188
531704
846009
982618
356951
294625
788516
980078
795769
264125
652949
710016
156969
936545
615244
282801
223670
204272
316217
648994
225563
149045
888902
345294
622469
359522
339240
904061
424134
040064
395900
262795
811409
386369
347405
380807
024046
721445
739798
715334
774266
792357
321037
398836
689525
357830
789623
654571
007047
525940
100635
908788
337016
039325
449569
127961
551397
716044
458694
501414
960236
945105
034215
727702
372912
824894
702207
233051
901405
310609
474222
321270
639861
029452
339585
311176
768927
417780
851077
931639
445228
295780
833251
803462
647904
083639
681065
038911
076708
356135
095434
380335
898882
085911
140211
277503
193756
555763
371260
735469
912941
131738
297781
094640
910396
806253
394403
763271
473553
145082
191896
087431
487615
440225
301014
821305
615592
658318
794057
192579
330106
025989
649931
962894
956091
054329
116510
052865
486230
076906
871359
398793
517061
894991
641159
992815
090420
720051
209842
321348
833024
977683
734196
350257
861546
177632
542222
489834
956125
580312
120373
005186
277141
802605
629213
981219
825839
904955
072393
141242
208295
976161
299689
216840
746771
327119
512605
402957
572375
847555
600950
188695
776870
344663
132517
190474
849795
613463
296962
400987
171967
055429
164010
526700
358202
069737
842379
695204
803308
762201
570842
936202
643576
494741
763192
334941
683711
546428
182128
574097
787829
850458
390469
252007
546815
238994
744612
074707
962584
889546
521249
329306
534908
873481
412393
657007
586096
906068
960960
421789
904511
289652
791001
715355
581900
187220
792161
067144
793822
146480
316263
224428
374249
946404
204200
125176
544524
117495
744448
416571
188444
473460
604829
253797
862007
495720
243505
896739
705559
362264
871592
458546
394524
875107
725142
147570
469700
933120
419417
815902
582845
402515
601187
117646
409773
283744
489984
849274
424313
664146
620224
185455
081061
473466
804194
065127
964082
455417
971241
464637
537024
345155
988451
444635
534009
922368
308043
568316
589019
322105
843099
958011
842479
708957
521136
645974
998733
680294
449015
442165
987777
620484
912110
556735
276499
822519
109590
267414
313289
274470
678459
511465
886441
930347
415967
928418
261307
550469
374554
104414
249776
898914
376381
057027
881174
682505
045759
096032
026010
526943
643795
170065
891654
954505
819262
381208
894493
054603
186236
642748
569232
500434
955239
126871
773467
775593
716758
166734
440039
963512
709204
992813
877168
359065
928925
640266
964137
162932
684552
538356
022012
632961
949960
054685
333700
190746
231314
165399
163926
550348
201630
652836
868138
890991
305152
939409
871271
856329
786351
076562
064646
039656
982706
848773
597957
113104
048647
189997
832064
320399
071619
313134
642635
001777
121559
506271
376249
473944
979552
866249
355297
834115
674867
447040
338565
965904
406251
235763
725054
151612
568124
643243
436757
499068
139821
867569
771070
536226
816537
653994
960348
911065
949404
956718
626982
421011
390827
140716
982756
976582
249039
358568
504658
769277
208830
285414
623978
882846
618108
692623
524082
903169
776974
355316
935388
065800
227969
578003
036616
703609
921905
815209
196389
457582
912510
865634
406219
564390
662495
779488
770844
987930
121012
409174
496793
022156
112828
504384
324377
716849
138827
196751
057487
272240
255286
389725
981654
000337
989680
774020
725652
939875
391801
670986
781656
495841
442663
356891
392640
698411
297698
295754
871378
458051
804501
128805
070281
852720
545373
875541
776701
203486
824823
627611
702432
698682
080971
948949
631299
283395
113326
910054
232028
644242
702016
343753
294605
545286
596587
643947
312003
326118
708786
559109
696379
016203
900765
042288
072253
771148
962446
862078
260494
433430
271383
432893
947313
764730
072913
274889
122785
271535
310850
907587
747033
878381
452090
160890
861915
253886
841836
008391
245876
821246
665639
007974
153193
003628
090060
490133
697511
236350
484450
685476
379812
406169
521710
298592
793277
692395
508559
675060
206000
409138
152732
254826
373658
244226
283904
330226
116329
541884
146523
131925
745414
201795
776808
045717
530149
072858
178487
376745
873655
109600
623773
883897
898606
100362
391411
348091
920056
717151
282785
256130
301295
883634
072425
847810
414985
562881
910003
210391
685334
139854
008695
991912
707876
920176
628356
554369
075378
385326
675401
022509
631508
750819
725716
980624
109553
282614
366592
140386
292094
865477
057046
832821
668128
220134
660904
062285
797470
909783
319452
223554
656670
999635
097936
183232
914823
055563
840710
915110
363988
791005
546656
737793
646404
023103
184951
144114
501135
058506
466418
352947
166766
987017
269409
629212
204961
919013
831456
049434
009077
670473
080857
119025
761765
301051
840987
029571
580635
716294
970399
062858
001418
616346
336486
500731
559835
437452
573448
676556
697591
498115
933410
308771
371489
812724
366300
626775
028867
073243
325632
211628
846272
469153
095584
365538
438921
579606
410034
143434
050348
554972
172337
169846
806251
204663
274751
747636
873816
139993
525899
250140
910536
145923
192761
676678
012952
055590
607235
093479
164744
359859
660385
546106
617799
107936
535666
299681
335976
653903
981870
945763
326548
840856
700562
553830
607797
861334
968537
683562
611409
416050
123374
626326
591611
491466
872844
194876
234765
871665
194325
349652
797155
926154
867679
972237
205438
723203
549198
241795
642172
934066
509936
599023
430579
806457
443625
351435
920396
651872
613599
586523
638576
283908
256669
429386
912317
215650
682072
035529
888054
643318
205470
298924
742880
737122
487008
666481
274944
436505
589283
876416
678013
607940
391650
901362
122952
947199
654136
168564
983516
632401
160517
359729
496909
742289
797844
450405
045111
610394
306071
792292
356279
110367
036834
342988
772499
407556
706537
086088
645706
904266
802546
018865
911403
745202
703810
908782
028426
969270
882812
066843
881560
646091
295390
626063
025384
848071
699005
426135
398819
567846
013702
531049
618627
879072
814273
563714
949195
831078
961440
679324
088601
537473
677383
910494
866799
755999
307365
424935
007784
158018
463351
163979
429731
904765
125595
132622
177630
519735
512992
120486
256683
468185
713540
912037
317118
265252
421217
698481
486489
621678
993362
694702
819630
682278
111206
625641
127574
338055
590017
565202
275134
808497
743812
941006
103570
730684
800850
701688
885696
588929
296824
953883
607938
099086
329262
249291
771398
911708
813560
550340
911793
993890
162369
321385
664475
411092
462884
790969
218534
040061
383738
273760
260052
276303
785884
830186
173453
991746
141730
906062
370190
796039
122203
217385
110458
482326
592066
118862
815372
952843
719598
494582
507796
038953
403234
376752
509071
378585
917700
094671
811961
770593
405270
289242
695767
171269
205877
634954
598799
381182
209736
266019
199626
569939
966441
145439
512150
623353
693399
564539
306612
047094
174686
698289
093282
406343
623878
154510
517630
400332
303071
233780
345445
312266
596451
106991
691117
114341
783969
742618
723640
031933
041376
273971
740195
746127
743246
727412
171681
225067
522626
193425
477220
399452
788880
842451
400675
348842
606892
180902
396644
900810
394269
653203
857417
269871
333957
627030
109939
170400
501993
864255
118973
015202
117582
591859
252577
407754
223925
194624
192043
639139
241917
241604
701305
951682
922845
961128
359594
629510
001010
159414
749939
464647
351806
135351
265159
407230
908632
306411
646829
289441
653310
751061
333026
063866
225658
787382
093839
714275
347705
094273
556407
578911
644925
286945
924391
398539
962732
704957
584452
091801
329855
889356
203872
268525
531589
490146
841499
600093
079290
953981
337789
471490
279893
759849
620059
493182
737862
319574
006816
652931
271284
717538
527202
289901
592963
639596
573092
736831
504875
708002
742521
910532
995720
933409
620890
748449
335568
030720
648029
721920
401715
937475
609262
561037
807685
774586
758193
124651
641515
446681
490750
361936
164180
182296
357973
267776
789919
048137
531705
279308
243107
230688
344478
633201
033221
084632
094023
865704
821123
378792
645122
927027
063412
443990
825470
426938
009464
231854
063938
504271
116005
330134
009158
193586
220254
898025
035128
919541
131673
873713
879813
021684
151167
224129
528010
195611
204338
479401
301404
246287
394642
684400
330964
980851
721010
794942
659978
145273
705980
219541
967255
284986
633453
108195
723250
793607
263094
385391
870653
009747
375142
351711
512518
366033
485154
214948
518451
204799
946803
066091
702098
060016
014587
448670
161473
511511
731830
577326
857281
645649
483819
550521
301661
290226
637641
377773
843747
534684
180626
942974
280591
141658
987646
485771
959781
647945
291889
601215
639241
029213
529842
315367
211083
367832
308759
412091
168508
549687
753135
226066
763208
225773
206262
213095
143418
927885
483393
767264
728634
955648
605600
061228
711122
931214
509495
369624
646046
797894
430671
574569
201343
942253
199724
078268
619014
229397
867012
310638
202479
872281
929522
842320
560388
078002
274339
168179
174440
595662
095211
279596
968847
554322
869451
604063
426191
459612
954086
253837
389334
420552
595070
894919
784958
959999
668469
392217
728926
660615
016449
173346
213692
324940
626959
072467
779343
499457
714264
263107
629756
831005
999026
835667
539339
928712
710253
076559
585549
863931
452515
935405
264054
215554
696762
841712
038684
337505
548672
002002
046887
334147
620415
578060
015972
216947
000923
645778
285857
224732
608338
346257
288342
867220
093234
014784
698239
720949
165611
415238
724209
860964
773185
636768
079274
878298
885024
795683
961322
585734
871608
405294
113969
049343
510825
220987
001484
864746
127233
938517
832463
372132
005683
988337
116741
132229
834375
971807
282770
778170
448958
750293
327826
655758
908793
570558
789839
878198
200970
747823
305397
867514
624760
651433
704834
991293
523606
689540
744328
246369
640463
121520
156490
568333
935392
061912
817821
277763
559453
790896
434630
144748
288928
528923
641443
070707
424267
896256
847781
604982
272089
719044
557137
904575
154821
183658
171952
537372
936724
474848
470225
567833
624891
182404
282310
269254
784442
600374
295937
818412
164250
157250
429868
829488
633958
253825
710025
973102
799121
653033
537491
360202
612867
963453
845349
930374
545220
009583
308573
659997
460368
538618
830616
121751
391407
457275
978734
041119
491210
936354
875517
689438
216210
075357
158210
596881
915348
679611
741923
633156
201312
275039
865121
593432
950758
410386
189578
597305
315468
410715
789217
262948
731748
123941
699525
854566
480381
468203
017206
940249
844832
906618
479969
099916
369836
080158
357732
988964
679980
621671
529314
035937
392748
157970
017122
656865
221804
178796
268633
073235
368351
697110
116578
658475
755948
053738
661737
108210
371399
216006
466202
920995
587262
564729
926515
415907
039851
291025
091963
788735
665699
962700
188173
984610
440845
607379
457228
870708
887615
780137
996718
143064
994236
048866
073489
006096
178528
506960
618284
024240
978570
656131
477412
968796
816439
871260
746103
789471
243190
094332
211853
001004
464105
951344
691306
870693
320617
796379
453327
574253
539010
664466
865965
575376
007235
587434
914043
909645
553380
428395
298810
911126
174080
499692
821609
655987
722284
516008
564502
019780
497089
522730
234155
647181
931758
241853
886427
864129
316004
885172
277854
562505
220437
571095
096372
815963
056816
261392
318809
841809
865710
789264
423936
129054
066851
988438
114815
476631
054461
172498
781610
033091
112578
222857
599423
388434
319839
422907
271028
295712
341525
605643
713674
692632
441432
769485
680225
496920
382000
170909
270908
131378
175324
151808
256943
158787
606738
702371
405343
254921
516635
911470
533311
174175
980218
148717
409350
311161
147074
859778
915553
040554
313953
890812
488585
311935
353551
672425
246744
259606
384387
336360
474174
776444
499489
345666
549408
964165
178117
782660
757741
434440
555524
322373
710847
720085
032383
602376
611658
897801
324302
851396
272780
897552
696307
405847
901364
063912
040770
695496
326321
696836
295828
574145
650676
178411
883654
676966
830544
852634
222853
131491
620572
368908
890256
964493
127874
742054
544824
449223
709760
019638
889461
394501
356752
804119
030637
278279
638549
848479
663087
499075
093530
075101
204762
381887
873262
948379
036086
601217
702627
955047
501671
876772
853177
244800
337585
381391
596328
673184
671362
272921
913731
363920
313833
360109
182846
206928
374229
013343
430985
521676
628477
200067
430548
497853
946841
297371
046766
564514
643159
390992
240313
785324
951236
491166
481356
113463
718797
712811
753629
422480
949702
187957
321052
837337
439690
258627
206090
325347
647592
202623
209177
693570
580493
859021
160361
458505
146404
619796
885734
065503
118843
622428
133880
086953
491994
332896
262588
335095
965193
987983
798424
912609
072876
901712
524506
336590
848858
574608
551688
254607
412996
144074
059695
415440
928421
990077
327864
347907
566523
787638
734237
502083
979267
798178
534676
338342
115968
790337
758134
503859
047048
095410
686486
079416
552897
820878
817521
813486
968084
007928
655942
262468
573065
622583
514150
928222
887311
385549
341092
762503
603369
112843
146698
705382
542293
752550
271605
407077
265793
699166
401426
873042
259744
729167
616943
289684
831835
244129
751060
946215
268532
636720
508440
493217
107880
700901
889478
028149
676278
767780
100673
826508
929743
594770
986249
979187
015312
425950
127443
609909
479756
944358
976144
315025
741793
398442
544365
712527
897310
052336
784789
021092
604551
457303
799336
002222
197019
168453
881897
415145
649431
683526
654030
903862
707260
450123
586113
310376
889365
070808
002666
193913
382366
306914
806533
629540
938274
139464
871338
425510
256612
109330
561024
998456
133448
209068
657271
832628
610069
199758
162056
416191
203716
372546
628599
107144
070194
747909
389047
664024
302507
508397
867686
073107
594001
746473
906799
806219
833445
710177
032148
671392
252333
562854
822423
264612
318728
286968
886568
506194
378708
277388
677413
435470
710995
758175
825021
165742
391505
675607
943640
365304
863140
760807
605845
836280
991019
683643
501211
047807
925721
599368
159925
497045
639215
481143
402497
528291
601693
048187
365801
480059
234306
039286
713116
613905
588241
656826
505840
055263
740713
311309
289560
504267
857925
109325
105009
183699
542304
595789
799182
865849
828416
029492
444847
841583
866393
739342
307742
826671
149064
671071
010892
152292
819726
773170
232765
773811
340884
842527
508684
471541
444966
716938
895633
523007
727077
261339
327974
127254
094832
449678
349765
730982
056028
583687
308278
111058
015773
719824
613988
566789
626617
188275
813798
885480
381018
807656
115692
287928
004942
152729
132274
788219
620294
542548
600683
377406
676056
555011
508111
508573
384698
347316
183512
385930
954343
523447
408211
149755
151617
820170
987413
501782
352268
532876
902783
444769
681499
897688
780729
110359
351099
893189
032988
006112
712256
298828
284563
064624
569273
838317
519629
015258
358501
088880
998230
440717
844050
414953
880561
092008
191013
776476
122664
772633
684622
138920
257458
192447
930928
000670
685445
765650
868110
650423
550260
362192
310808
462696
798981
698779
551344
043809
495450
310362
019890
254851
963556
401300
433203
656741
623211
251471
065131
212934
400109
700576
161656
461963
264957
371847
698527
720343
990520
650896
529961
441363
422742
840554
418226
418140
190902
360444
781219
735468
013329
372127
661162
472970
293284
396499
136284
840315
772751
742628
229798
211860
943736
251033
455042
721352
735795
034998
553777
303083
319046
730954
231930
497189
069043
224669
041749
666638
353510
395475
674191
618513
103509
436989
074236
569598
927608
565938
294331
684800
088927
822501
344014
099758
714712
567488
617520
399709
719130
865887
843490
899518
704025
041203
755947
742865
458620
481979
022435
485206
078549
545856
148886
974275
606410
884081
066018
268489
676826
021793
243227
297437
024216
274440
146779
950451
699949
534934
336319
087735
561124
412529
119916
093933
732365
496513
908028
331181
684374
259110
433723
491507
328583
330521
893288
912547
786194
786546
482749
327531
144653
747546
730418
877502
894164
018566
632557
461838
216041
614536
121184
949068
201195
533305
775013
344766
034685
177240
422489
322714
791109
772881
705756
216897
471332
603476
170113
695095
631157
483886
715003
708587
321599
400230
708790
250506
360813
387944
090518
692228
659700
002062
590072
100499
031988
827416
992367
403918
031236
848498
964112
075322
682944
558417
501764
405716
072137
827463
182372
342820
384191
543243
301585
628904
865151
528626
514780
436455
639730
328708
096363
793032
752826
873873
040045
371218
191461
134382
059848
751614
282126
703404
716865
536424
926841
247364
003189
998209
373397
594552
608805
274151
178455
966225
060099
127408
661972
478463
788051
939592
284958
053197
609762
300723
756545
341430
887793
109514
243902
144084
034410
723835
783836
409622
071177
779171
108518
419535
704093
493995
377293
483488
082154
366975
067509
771300
345769
272008
215157
083696
475233
980248
413985
648308
611843
107599
709290
388480
131739
311320
499669
809258
213177
928975
779223
759752
870943
676931
185988
512543
475986
066802
542917
799123
230863
811182
751287
011796
974246
599741
099881
947512
002253
839418
171080
019675
333677
332120
260512
060570
707504
360015
270612
582937
892884
722291
026986
847838
469597
616393
193908
158220
818629
204370
866401
220565
736511
103511
872134
609916
624523
022364
077679
253480
238799
036695
887389
075870
425991
919228
419084
888380
881961
613468
764949
066722
059456
662789
652094
837913
380560
941900
918664
074993
883992
592198
220131
508572
785855
475852
056317
576288
748122
276612
609246
507735
185218
448570
897209
695337
995654
309772
690782
175191
544325
155164
464290
769302
446517
088945
549418
626280
528870
053891
854646
195394
432199
470313
258238
433548
434425
758765
229730
313159
924724
575976
553051
403608
447974
690052
655899
335937
079871
411327
541285
316060
507442
732121
947607
898222
635654
472310
763785
755324
866528
211104
064967
249136
978432
020360
003408
742001
952897
948167
392479
414232
448175
179908
976957
810715
239907
876112
844378
889885
369061
104871
703989
884957
528383
797585
374620
385721
793537
597921
094608
103104
627854
752702
548059
615198
847893
830709
028768
401042
023693
858803
344678
199535
185169
228793
287431
805267
064903
590067
250840
684326
345994
166567
713902
306202
004564
628818
159652
615597
526583
810299
713524
596047
576806
779383
838032
072947
251382
934512
379704
756665
560518
960563
515967
414587
343337
730334
660013
509248
249485
021887
194741
841689
275577
693491
773664
076977
486740
275390
685913
229874
751990
506442
400522
023627
078152
824076
619556
897887
877156
077975
094769
788366
154447
684127
176112
726214
074409
668101
753289
284208
697274
994781
248276
157384
015124
242406
152896
555204
292335
558305
076360
259603
099970
378676
503974
000497
169336
000245
524950
802129
349963
563648
281155
331454
689984
390448
326279
509331
827837
683388
867023
091523
102975
612676
734620
978502
113912
473326
784825
026851
801451
617820
559540
406664
301012
695052
446192
394099
720761
786465
920091
919906
121679
714787
248840
365777
305752
817559
075336
127412
748687
359041
158883
520192
124390
376636
247650
564887
258217
634475
290115
726887
423900
011475
894412
497224
649555
661696
840022
432943
865094
433292
257104
823639
317436
764696
657508
005234
736035
277098
571667
711339
118642
160852
116377
845899
236287
334756
600164
589492
781330
732590
782999
350309
557274
999189
809452
230188
322592
092379
999660
899139
138672
188898
966452
835233
218093
541554
238321
353582
052686
337805
104671
591254
892515
979468
477960
163781
199391
270219
417072
104026
365477
268554
571474
440815
107518
979918
813024
350898
979033
568855
228513
088346
228639
368711
989628
404973
518520
054953
296443
264967
541368
390160
136348
905738
045044
455550
074213
214969
765866
785045
489308
732840
252237
891440
004952
290551
511153
992929
308946
906690
034953
348335
510020
348684
723395
287530
933758
972432
763482
685963
356836
069005
825295
252661
107839
729970
454756
906102
882600
431366
641893
964825
987447
376800
072838
286413
498667
921589
412680
646031
335265
021298
314271
803575
180610
579003
101492
486677
818224
400795
453450
026252
973678
262994
903560
489178
046184
595693
973909
908766
755696
535194
060029
368740
215497
427070
304286
964606
536210
004376
583485
081692
197871
467158
364583
701886
105912
376747
299907
395297
087774
013224
913174
086395
522345
045304
238012
186486
033997
023285
221921
735739
916067
887991
337253
701098
878992
201992
161894
544162
158136
752057
347372
048982
042853
233570
882877
469410
838432
459400
944688
885958
574696
596558
112612
471376
771386
757068
757623
357370
195737
346313
039824
183845
212835
600838
008938
526022
166677
808403
359548
727595
104568
714658
550419
457457
288502
023587
345402
680103
656330
934285
619430
645911
245828
658742
283615
196313
452699
966750
359901
335569
581801
346993
362373
070163
717816
837896
441997
590954
005961
127463
035444
688117
448237
646114
620442
305461
649100
758556
333465
977883
899587
040605
908862
969958
608368
291732
485446
578814
299543
864727
967074
860632
307505
955152
822372
846211
361209
792673
486106
533603
491671
894948
086983
957947
159391
805890
073811
254195
683879
151592
435032
314252
349677
199149
859863
653912
966069
246185
101376
680117
267460
944651
972240
683203
932415
441176
400733
381550
283247
866140
566724
652618
476814
722789
945033
828188
745689
915465
147963
657221
055488
684549
057492
071494
950083
280700
573017
646232
804759
445727
599658
187613
519762
900172
361687
181228
913427
411618
145829
896804
007961
329508
158732
490248
986921
549554
458859
044099
228318
686915
920363
166065
454163
723729
347791
084579
049198
193363
918245
598954
154094
809220
312907
345997
656066
529965
365426
557769
336161
083603
611690
780469
903138
656448
412635
521402
064093
619036
579020
866502
699239
766830
296657
805135
224964
702935
151581
785811
839482
118195
255830
785260
911494
030301
768440
444378
468986
461245
778405
009796
044497
474766
067352
570060
722400
165913
053116
257308
217235
972514
356483
428198
080235
289954
476610
206842
245231
237810
885825
215068
324737
352975
742843
392455
508658
199642
355396
643992
340343
838623
258175
647142
929160
800339
496604
619127
992694
093201
925245
316658
522532
480457
991108
389593
176703
846589
752119
738761
114263
348348
672992
047571
592646
734977
924822
911128
841175
447031
763840
294308
492672
999113
219157
864831
084392
885970
376767
612895
333686
412726
806641
483672
788066
614020
028514
691428
772564
267177
514864
206166
322000
578549
015585
666162
277623
888849
222428
773437
601661
274366
029094
820107
766535
667371
328432
572294
853156
544405
553617
358223
983316
789507
533379
684698
804017
628254
503397
936632
769692
821211
660272
127861
188022
663672
924193
146867
920108
002069
529202
722004
029786
957754
088219
369381
202659
103261
907837
519415
275304
541332
009271
410268
609595
890403
745884
179221
846061
081974
141098
288486
136372
627916
911384
353439
879545
599007
735986
056507
576316
276388
505400
688092
355427
898571
868312
742501
702119
028877
283337
243135
090356
225835
296520
746736
092842
758026
179984
969093
665598
328379
348670
952219
608150
428629
256597
379292
098390
902365
497470
362628
259557
705770
057814
935586
403107
234938
281674
253478
088428
091495
142776
695547
135201
482617
518813
783728
159062
290436
704814
017658
477350
373385
293948
850779
363096
972981
752126
701289
334816
481965
806187
003685
855249
749942
597182
629272
666702
125013
019610
348229
929419
864476
119589
866260
353934
662913
822598
048932
948451
683679
829204
362573
120070
856294
249212
527674
141997
100827
111073
374655
210559
326712
579111
558098
214647
166050
537842
476074
583785
694705
913315
370424
669813
078351
281808
918308
398880
945086
370695
289568
923815
827263
325886
357768
917497
881881
069692
319985
218736
955308
257869
581346
465407
270168
393940
214499
430481
857142
874188
064270
551190
347713
094118
135024
803815
899892
091852
108352
309506
294139
483932
230914
614755
210664
064357
017205
651775
286452
037949
468459
615032
057070
428520
963504
470599
631724
237893
701276
184744
292811
631977
370767
794317
168317
937812
373574
665028
399321
816661
741350
675420
713391
027422
915035
869179
360499
028554
221756
764391
136021
439441
939028
105001
865828
508391
923869
508896
382954
063727
076017
607125
346374
823394
410777
028954
690510
169162
567391
579134
745117
779880
948344
220935
881969
310298
009567
816586
035341
432678
583126
348354
787808
005839
705362
938172
513952
854490
825916
319314
896091
574428
921257
042294
169777
001200
886610
882108
194757
424194
234499
476754
282313
192627
618184
629453
536635
447398
280513
403603
644746
758994
120920
141873
108919
116977
519366
244895
993513
657235
507047
784214
163072
804484
601418
365858
661220
473696
184122
959373
892569
800889
539451
083831
295985
856718
679879
441021
350305
434208
179393
297550
417858
020356
320642
178199
391775
002282
228995
957886
666676
959136
720951
075782
862177
939461
572042
442342
530893
835383
529904
074718
913547
926101
687876
402146
661861
911088
859201
883589
775773
663964
302253
233192
728644
349783
455307
722984
632260
618746
614063
542626
738019
475757
142786
524917
376940
301947
977070
358585
271033
067499
609394
572087
457058
197063
344186
149849
055183
904214
548060
255137
919945
914023
968883
544856
409573
148977
474049
540191
210654
710829
099754
623555
934847
745048
606031
971690
426429
573063
436235
858976
187759
451564
893635
623652
223959
536294
364663
533400
522170
142316
787670
042463
178864
031872
172809
068343
078503
631697
549328
689270
850344
812059
266304
717536
876023
990343
498254
459126
742644
365175
521593
114810
071690
265655
535683
292786
897907
820376
936184
279989
064405
010701
888663
097009
809536
233164
921282
180201
792624
952863
068174
330324
324856
049618
946198
804777
300104
256150
831634
073163
178543
906460
262910
474455
880284
532966
010971
907800
765583
547480
348305
697563
848929
216736
110033
239324
739012
500215
625503
952386
461198
763451
011793
914222
026480
793071
121042
720037
501140
711715
896232
739672
162694
977693
691463
227264
249714
532598
020454
188144
082822
977576
482196
937183
859573
289087
053890
617077
149810
615134
461431
123091
774105
868037
801069
611412
554551
337987
175224
031564
325694
967628
622613
520538
648063
245499
360925
111598
188031
696317
470669
721375
579460
479033
672804
408744
739561
286852
889843
655195
525212
033761
182817
932645
790579
839680
912176
346430
913089
337438
683340
885783
663554
278746
591122
052124
632272
854580
013289
718919
187184
763536
572579
101798
824916
776619
715979
992086
524882
286039
984958
531697
863421
482571
947658
144112
332950
137261
680055
302168
358789
325392
176997
983217
652751
444327
139937
728352
856713
842648
844487
340032
456310
359539
530148
304749
256567
896301
160331
645247
152386
711887
326782
084001
403109
146028
210592
103013
627129
713527
304767
762442
655319
909652
811449
137743
348402
280705
738421
522355
107473
177957
125873
872231
378930
958266
280346
786045
386237
833910
944437
103653
638024
673185
784651
982504
631933
800164
010391
608032
020656
058491
443952
499932
895683
773906
674684
008366
151062
270522
311168
856430
640088
275649
589839
196718
107016
631162
813732
059667
629916
194844
283186
085703
744146
625155
739652
964512
029635
559732
030305
451377
715757
771182
426079
676141
589448
849948
002554
323779
259191
375550
670593
743494
535049
741052
910705
630694
944493
445235
689061
455249
650008
101047
282948
183652
891012
353162
250781
899978
523551
385560
335143
809554
917550
042329
233071
657186
340400
901788
781850
865116
127210
173511
482750
504487
182027
616619
998800
872601
303867
448774
330707
662553
678213
848490
004159
116858
235305
326662
079161
563086
841476
797898
212219
751861
438724
711478
461934
590063
571051
178847
460749
302074
892677
131323
308905
636354
543210
735842
844175
627614
734962
837521
145789
709675
856653
829402
028483
223098
912155
228689
209098
854407
610811
679361
635028
257157
072285
306989
096635
674600
109271
069729
672025
490023
347102
077166
809221
848994
464198
973889
430007
896802
391271
341563
509104
147093
445142
595477
661166
779185
975661
610774
694360
732265
165718
118667
792196
369760
652176
335346
556495
334406
123449
575816
255133
496566
163584
617340
659032
729603
820731
973898
451896
392153
339658
961579
453201
855656
705366
745567
548020
466441
637031
996331
778575
806911
879805
026784
977170
562825
742391
857199
964294
443716
052251
466273
587935
576256
452717
757189
882509
138953
491990
713907
710411
087803
096016
538770
143629
303403
020717
982429
255729
017723
103941
630281
701184
396561
726697
853017
846600
310289
447180
246256
241847
068873
581071
035829
576583
023801
802894
124241
885382
331739
671658
020268
510639
163943
546164
664196
535891
876079
829539
820771
949762
325150
747426
902699
728687
772406
548725
679393
585832
371718
899806
830307
440939
335366
303051
041636
223331
174091
069410
977421
332245
189043
132149
051133
205031
012263
542906
853320
613560
767620
412742
928044
801070
435024
393113
539551
158848
187288
789032
911612
757655
318640
033307
174834
069903
071839
887003
853529
017773
979088
528311
855839
625421
792019
344366
788385
101355
279625
228064
189010
278019
290455
778307
648710
011310
348103
147912
227519
375145
735746
913008
957231
779063
873781
979461
433073
178681
286699
230613
129992
280737
104595
458749
743577
348375
131667
672035
823541
673058
317300
184692
692940
910508
831106
307492
679678
981333
304997
475866
955974
450848
797845
832472
448523
362012
899445
280820
254496
281632
146519
419466
828684
538436
364969
496329
979873
307000
325240
556044
145010
507740
438753
419205
640384
130959
378832
354909
841194
191948
438094
964656
229116
205621
065496
929184
680826
527102
297707
831862
304696
588228
780678
730700
665917
001365
663265
039270
963720
140042
352606
198901
890207
703591
098861
137438
698692
072464
201145
837763
849011
680540
213793
932670
482952
762184
758987
183039
693946
027653
719968
041812
667145
160371
215403
008652
677353
607698
390250
445587
483535
098498
179199
283226
334093
659420
803311
975250
232166
344571
556103
370085
000359
127942
271612
013155
645487
208115
572590
807748
707410
343250
895139
106583
435181
315537
712707
901380
401276
297630
033417
020202
310748
614903
435616
781535
104856
263338
286211
439407
125938
032519
193560
311808
148400
009415
103192
384304
967483
523800
749608
353744
723901
637321
007984
527101
463933
422854
336201
731739
668990
760274
450340
805264
642445
862612
930882
313911
114816
225047
142252
861990
541570
340928
770675
993876
192762
001509
658340
123527
030391
666172
397282
041391
114257
572125
564320
269395
870352
978157
233619
263880
964284
614456
445430
033338
088870
695741
731938
376304
455512
680629
163378
027531
893272
192016
138930
404508
956256
897635
372949
167208
173130
879061
499324
919749
081228
689918
249489
648884
567066
817896
495250
274733
855151
614147
650168
665675
342433
556628
112888
526362
411668
394362
918419
917433
133133
079309
545552
616658
735160
267293
818108
666055
921597
821038
762066
449674
790371
183049
260017
124864
203990
088357
143847
041594
736494
894430
611089
993069
688740
676040
409971
250615
136964
666635
784653
852644
137417
806561
424818
997163
396100
915247
881676
804433
267725
889475
545816
126899
504143
098654
784561
923121
781426
927478
964547
639027
677564
454046
942854
011473
749809
654683
418272
723137
748191
988768
698783
092852
783803
808286
475290
066433
785878
878705
019714
514683
605200
302097
564236
904194
885400
026893
751443
708037
495405
912785
347098
021002
733515
111334
598394
417009
920127
579078
240425
088425
989003
112258
445383
792032
203554
534901
074958
354183
094998
198650
621504
538003
247711
427869
484954
570547
541590
823901
686288
413104
562398
823586
851572
708360
951122
197494
691205
945937
143086
758370
718755
472834
752161
585326
072070
223406
749097
065218
475158
468126
632853
902009
712753
336082
495283
616420
883440
032000
707078
039243
988824
707249
499787
624282
461791
763516
294537
356767
326725
038566
845117
220753
833716
731413
130194
289624
411379
094792
724290
911209
624993
422248
280824
973318
554694
435370
580452
957146
730611
264343
190748
719015
124321
642139
950448
858943
191143
953404
357726
398334
162239
987695
944139
163165
104039
905858
577362
654732
855283
454694
574363
926794
154795
075230
011376
279632
052448
663164
260789
856661
758682
370333
796951
524742
142922
947795
505930
734130
113461
026329
646703
967718
330816
862401
130702
326702
047424
829912
038933
290222
113420
121411
580973
152307
685998
688400
629015
663389
991633
171739
325395
243788
757740
532020
930531
146408
128110
785980
724451
301941
600115
575543
809264
984800
881956
162122
452009
308397
831639
384622
225226
459640
058608
778049
915111
710422
750725
678515
033749
445260
050363
214597
745532
236671
997261
375966
204635
675726
643050
030195
561067
128487
331042
986526
162226
800084
970857
342142
035427
159623
928645
922034
959313
852664
060513
216974
866093
688172
169972
188123
880329
192901
400543
032045
602252
790586
646100
797870
924540
250512
177969
768158
543231
593187
632957
901065
714096
335042
910807
888106
235366
579738
188113
736108
541468
951752
920272
749617
685581
603869
325899
537288
157661
925482
629684
908069
483604
780058
406243
453612
601891
471213
976009
754500
739623
777696
014041
356888
871619
652547
403388
854636
087179
094368
797703
840604
799351
686298
982020
238460
308140
419585
370926
680101
201936
893154
368313
831943
062258
782151
273097
920966
485562
989293
601555
807071
540440
464788
967880
133555
838755
881638
471508
212477
815202
759982
786000
676173
285261
281311
214487
488812
939196
975814
277316
399813
286465
375920
974991
761663
632741
271023
271874
590483
563369
754574
756161
475927
898701
776679
069921
494355
636033
486630
288419
781335
685973
692054
775633
026859
668629
852767
543502
965758
154228
331855
726566
657914
760677
248071
916016
019929
321061
511640
853870
576947
199911
542190
273662
814017
639178
880594
194779
437624
054653
971395
312792
227940
028345
774573
204822
388417
385699
323891
112773
278078
995255
334585
841652
790706
518989
469455
289772
246324
936776
161383
997122
921562
844970
522245
631495
026118
229217
799332
966054
579724
381685
105543
492046
861844
033203
634162
868961
632159
945872
070876
487534
865115
565416
691711
817298
930435
182164
125369
199833
048694
741206
837586
757390
754479
537226
309522
194176
456336
860359
681587
511966
332465
203233
480901
088583
586752
530458
559698
174701
839492
433588
793539
782348
426154
333558
440489
753025
785323
104899
916353
203323
457332
847914
767966
211865
305619
871088
989115
582452
216599
350577
132757
364918
237136
722281
295324
513279
656591
770381
455937
084943
844049
201787
159245
432614
593630
660992
516553
530246
327895
824408
392464
501431
875767
438077
244607
736682
514758
009452
778554
643989
706055
278802
180026
956377
548631
111800
681331
539106
071660
839727
610911
259730
328865
906180
111225
661238
366015
831255
275933
878660
159250
091349
793198
917690
082147
946161
389874
648211
721355
649557
187056
966357
019033
699414
634422
041003
011265
567454
498413
155566
480097
694053
972506
842070
766230
064123
478029
437888
406907
635345
059668
701737
263058
666886
713453
888229
985432
529243
906089
132595
820854
173394
772775
384478
921016
144238
527644
659105
029375
351782
844408
709102
915888
127554
952698
246883
679298
787884
994244
590604
769902
339659
150109
773703
706578
428083
246490
079562
500649
282160
735027
298960
446609
104585
594095
904883
005452
439026
588217
854996
409178
248778
078730
138861
675249
537577
495359
557714
361041
478859
580073
616225
667377
550160
857364
214747
520322
790991
142775
179091
648682
991018
586516
324343
136940
189507
697546
367088
325983
167785
684558
575771
840844
774808
367793
699492
501586
130137
020048
532260
001547
915519
418405
060858
032346
541039
865888
937498
957731
250164
805476
899028
579437
891476
133681
423840
475107
187130
793338
184084
541083
435532
159606
776386
012999
260400
767120
386395
368407
543226
948510
973216
013319
585223
788764
143304
609592
401986
311422
311136
523323
722022
588737
824752
774591
061914
574262
562724
522280
396450
643910
481737
152456
427673
142331
305427
559265
828418
193278
890533
843879
373923
874967
816203
135704
752183
061937
657129
507661
399462
283246
101644
191023
691451
897063
979856
651897
442287
629943
911170
105278
396815
236215
656984
534786
593313
546403
807252
329374
234824
579552
485506
399554
244658
201219
088597
388888
386597
090399
314567
167568
844454
359256
833672
306693
600098
185886
375802
581800
051924
173649
765673
891350
943841
971513
539244
991757
174786
645345
527149
094325
424264
877822
385495
856652
236882
076271
647127
245127
531943
337586
299262
281081
632828
957471
371478
995952
181658
514221
499212
929271
095695
901985
152773
701714
867317
205396
931779
025506
558439
455805
058630
845074
777881
511622
242645
923423
086164
556748
161641
186130
149714
648116
695250
549185
388274
583486
641359
658654
187937
397680
303362
779128
217803
141423
433277
380494
742596
702150
128238
123068
957859
902017
416607
057010
174267
091145
525062
808752
915988
773813
553794
523096
955896
315572
136790
611883
001000
832070
675426
598017
601214
625452
115406
870985
435180
623859
875220
686186
827663
021968
943909
722758
812387
684854
683353
053324
841410
160783
882357
607398
344028
912696
973123
906899
175539
596612
865230
581639
788850
170076
781065
388034
774064
900700
147667
626374
858305
236324
625625
127361
624980
550149
048536
529968
541591
406499
010083
167321
299962
674475
991316
219159
463609
329274
593404
114706
089314
238614
385700
036068
811369
541229
270412
371882
680936
338153
099457
052975
667000
055795
348049
499707
315724
298579
396331
948382
348686
480667
227426
842597
536687
872353
426357
072468
603131
592450
885870
110780
851132
696042
744524
995097
153680
288966
780532
597817
623515
099863
180819
997850
610668
110379
223205
874399
736940
207855
931602
298718
045596
248281
570375
047679
360927
015822
301255
915894
825143
878302
493468
695062
205079
958909
644264
352791
077695
229435
197995
480077
043857
625965
763887
642926
203573
715303
909195
788687
050467
261436
996622
620734
563717
019297
200098
197672
398757
784420
846491
006127
860435
836485
060527
308156
621520
303179
477023
029888
315968
320588
780552
467525
933248
779943
436286
728268
416635
595189
217637
780370
210878
332867
977345
917563
702326
100755
321026
968492
347110
799534
603387
278768
726759
101371
300992
111649
563554
636327
085114
532264
583835
210125
603633
522034
653681
645645
322392
009163
869986
092903
164656
998294
027140
695573
643977
716060
918205
169895
254744
272415
096695
102282
559099
944202
520210
642791
556204
694401
022264
992363
115503
996836
011967
473557
759647
515797
054135
780441
190898
884153
824696
771422
173712
114171
500684
036775
734126
495275
089543
596422
344867
208909
111805
728318
950404
280658
169212
179464
042717
892788
870614
337448
719001
956301
150761
744520
569645
079126
296977
755133
093721
588736
702049
789374
032995
817995
790400
312307
143850
972592
608157
022315
846335
779037
979647
171535
796007
987587
702103
969496
633140
106747
274455
171878
674262
697741
424785
297845
067697
857101
600266
918316
644846
473963
032889
333884
509672
477085
283406
814710
865911
237931
871987
022877
707810
645128
039219
387434
149745
853960
269078
759798
453019
870244
012614
586180
654010
328402
393449
952037
185221
607178
774459
506069
187747
524479
982621
989960
121300
802675
780533
323818
440819
820319
793592
334433
396025
730108
512614
922115
752280
958358
886734
371778
935749
112646
716881
190766
002013
534374
401948
665812
282129
625887
643266
537134
672563
481106
300458
396212
011982
968123
325796
209278
012710
471323
626282
640478
399708
576215
796155
740278
636230
147053
401621
828308
660222
147933
286553
638478
922526
796641
388873
299770
139471
730337
393868
955627
182212
451362
012655
200806
127779
455392
226685
152008
268134
918224
121542
102411
550736
008229
020300
459700
747731
174650
089466
029332
584074
681907
856102
934720
136994
567035
706452
594454
692846
121874
755800
820051
419248
267870
419444
445579
838573
473900
680351
195658
210917
933393
568928
587173
125400
159214
309020
016367
598583
418434
827115
508376
641671
529836
295965
734471
511269
247444
513204
406585
550700
603596
360012
645680
736478
238978
145763
227847
265802
555537
555576
166960
470427
221386
994849
315394
719369
633032
822788
787737
453317
714739
640676
650277
793550
954894
830117
901124
827623
268102
083533
914124
222690
392446
863066
694955
648941
061792
567971
779774
847025
031710
410611
985389
759558
888156
379590
039899
737994
426148
786599
150827
153325
938377
147068
327301
345383
548699
651998
054256
318362
800709
419802
925009
300632
542379
265811
240204
274179
851667
494478
627063
392432
883877
761874
496307
097540
233879
634747
313479
688071
122509
796892
278784
955400
044507
698159
296972
955599
617016
115588
546139
238310
546489
688331
250618
075602
932622
797673
152631
149587
934577
543468
317152
324009
218312
849541
986348
069815
776847
979723
271373
124653
843845
089700
105600
200434
513749
554693
478891
583028
663981
204379
271160
133755
922572
118100
546473
370324
320208
952990
318643
133437
903116
753955
943750
109931
565945
727128
527106
150294
241358
325485
348935
907774
480518
063249
125452
059447
292789
290763
680642
016832
649638
768833
307876
627198
259140
712914
879068
221224
167125
253963
549050
534386
415143
746283
827689
417025
682023
486624
548422
408918
976018
544328
691743
514582
247764
968930
983109
750079
269448
908597
240380
462985
959531
387484
147944
919008
315883
774767
370998
736002
722706
177679
863870
939226
221431
594058
151892
380322
993149
959738
802784
351287
105769
454964
081848
692324
112461
623406
408178
495394
523150
530797
185036
079510
716724
713719
866687
816495
949894
637772
502049
333062
426292
289358
616400
166061
498253
319858
417768
742188
128683
713209
894627
004336
266505
432351
206448
256751
248952
402484
952378
617966
019682
525066
093801
633081
718684
541686
789258
880130
227970
568046
433134
713445
598328
132348
060514
380078
591840
106632
662193
736527
024081
040510
860081
677875
476981
949987
935820
298194
415529
376926
030097
464974
159025
128360
839254
653929
845421
271688
708182
279957
147804
877469
939224
465549
750111
556180
514367
881396
730704
190363
274884
493612
093491
520233
707132
068457
810661
679035
824864
096134
553213
866129
749512
299711
946327
324651
728455
772425
597181
093452
672452
370166
246151
038405
845016
531614
174940
100697
685305
224831
410664
935919
837125
893551
781924
994945
997369
973974
417804
345085
563890
885792
408187
051758
054925
644044
768579
190537
097100
099033
004936
762756
957117
352186
751809
179127
170561
871127
888644
285041
575522
257374
157048
976202
139113
662876
820943
409775
683588
079360
497509
155467
637113
941099
488682
077332
853194
540612
182591
592900
718226
635668
620961
276344
730661
475658
910993
891291
031763
606557
253199
482488
259738
823458
611623
857159
940894
328311
351786
912778
273901
617956
911432
656353
619220
876822
053428
683046
040466
176413
759395
476514
306339
919071
169541
738314
711458
163074
861913
494020
818114
799579
129264
790707
164928
281040
008905
958770
415584
653444
293204
118915
557000
482395
817458
609998
955458
199688
819387
204797
226126
777372
853955
553425
127175
346540
813181
029867
124782
814621
325080
605925
618179
792166
625446
635433
835345
264554
564124
430627
196585
985957
095865
530737
935018
566284
308450
407216
351821
939335
268486
483258
424529
153102
084656
012988
209720
197507
199039
265901
852329
328714
940770
611484
389455
737113
805326
698625
267678
079103
306113
511740
137774
297653
886304
871086
128085
806046
705855
773142
972384
504572
235223
967454
906196
059709
008866
086378
565567
293335
463509
867896
890042
047893
292804
285360
127889
434627
142026
211555
599787
715441
589840
275675
891942
695063
419891
722628
027664
600138
276102
691551
699343
340934
923844
700766
213509
492354
756505
618172
415258
391936
153853
192361
859522
316825
798533
263287
137048
409322
073881
612294
122348
972488
574506
890425
891641
614732
059303
661297
587287
725024
203524
472109
471355
277545
909234
794982
384728
033500
306516
033020
153759
297807
917613
517709
975931
889724
887834
273258
264787
837603
827386
962354
658384
348256
296273
183225
616991
113442
320358
375307
193538
785399
677472
986761
225029
457032
108242
629880
464127
163593
013630
681791
777782
798439
592509
879909
651468
245675
858143
050147
941839
523742
227758
503240
903882
773775
216790
266598
830543
103456
283862
026837
242438
414786
444398
550611
834597
191899
726562
828524
514018
531443
687469
922615
572093
721616
893101
451254
632548
975294
070513
178049
738343
781095
684943
616341
628249
192414
236268
603728
392438
481921
738765
960092
747137
610961
445444
236213
438855
930810
333175
313494
889535
387472
716021
151266
226379
633284
944951
268324
710141
172903
151955
803733
542130
211447
561055
862929
577580
627644
644561
313624
188377
488296
183018
297667
306159
271836
767522
491490
670155
046594
037136
167535
943729
050964
289653
395787
781693
857920
225566
784263
363309
187408
735771
406448
923634
388500
052254
315629
707178
162023
117059
149011
173922
639210
135321
367642
881646
964220
770450
195221
296481
175542
090989
632833
599782
902501
369049
333303
444144
446129
094660
274590
093921
891682
896021
331760
887886
852819
467359
027987
804426
457777
251975
566785
011017
062196
959750
249157
031113
655754
172970
141488
097363
964556
976427
616316
284305
101726
790922
591166
764930
841808
102043
994020
290309
362136
832596
888888
182472
177623
927032
718494
067445
807241
118648
692590
250269
412800
414580
973947
421638
907744
387664
041982
408914
466517
491898
044175
278088
763111
966505
482176
406050
355951
786939
632113
393857
796229
137226
127515
202135
728250
865659
858592
244423
956386
015244
242795
483955
905164
355079
651599
769203
956894
686129
151432
883241
270014
087194
370832
256271
281247
074090
791899
559867
471169
176287
640813
178041
347319
728204
348151
160645
801649
157225
508726
023738
451603
629962
363637
525889
157459
055510
133588
870095
497164
052236
914062
604873
638284
469075
358692
759981
815199
674901
410974
701550
510567
360476
927013
304231
300779
616235
922054
061886
494834
218024
705305
854185
997866
711582
128045
949776
499523
737828
624957
972642
974571
230250
711946
521288
446641
210036
393553
631096
923677
871046
207291
935003
646270
488914
497934
572924
730567
278157
457224
175408
403747
568399
880697
562297
877931
311955
737346
037586
588281
554170
820007
347872
077798
242581
574629
213579
275136
935125
455944
264158
886497
084274
946352
842008
885110
754928
172823
441656
439480
575233
082481
521451
870955
464817
590124
732146
941814
354340
373459
091462
280050
412607
513065
010013
111632
848219
987850
331980
815891
428584
676108
831887
325733
521604
120777
018443
281689
174801
917151
461145
506209
733174
974958
313990
399148
512027
842525
818506
476459
238974
543840
288865
610665
050306
052291
378345
840633
297913
960656
253903
072054
344061
678779
533997
574651
337506
941219
979200
967420
509068
327785
438192
107660
351373
866674
708185
721602
959761
454833
148762
735530
822509
281918
493573
983336
970957
107388
175087
902078
986203
801863
048607
065612
886717
213407
123603
628803
094741
708560
082747
418839
610061
957191
442758
955057
237486
602504
413767
707765
419985
820371
136093
292685
098762
763277
860969
240379
044570
556241
581021
120635
246344
050894
622289
871432
189267
790120
470426
759468
381008
758027
121429
536871
370877
916665
595560
864102
566162
216205
946844
214229
620383
149721
118118
314518
227106
053495
181792
626250
453405
836600
548716
982374
626598
199144
580018
834307
098041
975074
290669
556721
033634
745169
339737
562988
488796
957548
856131
119410
915791
118861
428959
634550
517957
775246
824514
691924
308123
605820
967066
912034
150269
084149
240427
895277
746083
698746
363793
709215
044257
666468
558568
304264
325913
856174
926808
992114
448743
326951
035754
163086
352984
807884
737924
897163
746847
096581
085571
790429
867332
675927
812672
165442
592271
522764
976400
793655
739658
506892
902211
844094
289108
366673
842660
501797
592854
352091
478221
791426
683159
120080
092134
528159
302209
348974
132501
333915
012352
726776
888463
166144
488369
029675
871612
935147
331110
988624
058651
814609
931248
366936
751630
070900
583683
540359
869730
285404
424874
636523
997661
453100
955665
929668
260568
513815
580677
974344
516742
234919
110727
301960
881333
952009
982988
042563
512624
260078
986847
165376
104822
941366
788174
133659
913948
839052
892420
912462
731337
696131
725521
081475
303576
207980
939494
623868
963867
677210
641929
788263
658184
904614
283644
008550
489413
917644
773894
654244
392929
756171
716412
035216
846314
389284
671476
128636
486175
160101
394783
798464
600197
384678
543414
484310
218444
615565
706141
962961
610271
258350
092818
674395
446957
134018
960731
319273
298845
862278
782009
203185
137079
668855
140430
015480
124526
118347
989850
981368
567162
323097
009905
429831
890813
825312
418638
797177
994374
089255
903633
384805
802510
227303
859494
075218
762992
741467
135541
184594
522116
144964
256783
518940
500150
380517
431122
630260
661074
219243
749042
709901
232012
419920
097924
552474
398848
261600
112124
353747
985985
423601
686786
103374
591972
484427
599635
732702
025330
455907
197523
494574
033811
371390
191987
792074
017353
786338
660947
914662
476372
660725
474881
776644
716414
229851
594408
403611
342460
070094
883818
789754
887753
186669
161497
656848
134278
579725
618918
179032
133420
779504
365772
506774
118998
079833
937953
342253
325953
519551
293213
235054
336348
969675
740188
955026
190506
151707
407398
899788
357199
510303
360832
600179
984302
277288
495440
348263
382115
272926
957347
377985
313677
667576
160216
837892
400548
495749
358880
754432
520864
821318
816991
111844
551149
368309
840724
820445
940761
612212
421154
334695
069106
914588
974417
049097
522079
536917
462764
466108
083790
060979
165513
186960
633448
003515
746939
374230
457550
811301
033590
959195
146579
078022
153569
567968
309875
223804
991900
286321
442021
264012
926923
243005
486405
305869
158990
247490
474266
868560
907294
187096
239891
916258
434496
940399
095083
671221
416149
528879
182347
082289
073411
269740
600439
209261
842995
615789
190501
055922
835284
527731
036660
971302
402446
939980
699732
039768
319153
675283
602938
475633
259229
135163
843473
295620
360225
723873
566804
031118
855937
546248
909724
739505
618831
283614
295217
816232
065180
764049
291624
177688
316042
830759
159463
135937
785693
518059
420525
614563
278283
462777
202805
837301
842552
696938
469464
670362
209673
552407
351493
059143
681128
460467
928335
968671
704105
163888
971001
264330
911634
112316
337562
390861
087756
726828
213427
854482
181346
423090
134085
604509
742056
054235
956065
471095
413274
828728
005112
972383
525290
690308
974461
002602
191385
551572
010876
692508
274318
316500
627844
777616
396204
234932
779991
550296
613928
630719
703383
265847
503462
794330
422388
552843
129620
550228
773646
584649
122805
835343
970382
255828
345709
482909
740493
778079
758078
715514
267705
932167
097079
383891
427207
201635
872767
211079
329141
150189
901784
133268
836248
673907
200381
295924
006495
900862
785546
998524
495145
811355
969828
901773
359394
313613
447304
100604
197821
027187
220886
422656
082168
815180
100321
583324
544537
984678
839654
635444
782119
509869
318717
589468
960304
747040
072362
116579
542352
885799
079855
862002
642303
447871
024394
477190
274098
604698
171142
693025
736216
413796
641941
079734
168329
173347
840102
986042
404589
575529
361467
129823
426822
580658
075766
353832
407300
244821
400014
327689
226744
052357
986506
055461
972998
565533
790098
834901
971823
247980
678163
027657
730152
970038
866890
628822
887402
779905
380955
070302
155158
254368
410868
079063
160933
077297
235186
228266
589079
952735
689033
891943
657578
663446
808308
473291
974854
009139
753676
471197
670729
372785
889777
900007
561337
872699
797568
821627
867793
991922
767322
361403
197658
160716
356626
232170
415041
469481
858755
670835
589939
233434
808473
886280
008817
456092
185418
713530
217736
144855
553208
223416
052572
247379
512083
360516
699124
168602
349664
386596
164930
877174
331061
961882
844444
780142
165929
611885
617145
356033
503225
531459
010045
229254
771301
177995
988505
763186
864620
461515
085321
616498
338749
721449
867249
524885
393473
438120
901202
474893
102827
451413
